# Epimetheus
Hilairea	-217 -24 -3
Pollux	-266 -42 -6

# Janus
Castor	-256 5 -5
Idas	-332 -27 -2
Lynceus	-272 14 -7
Phoibe	-349 55 4

# Enceladus
Ahmad   49.03970 60.19390 0
Ajib    121.25440 64.18655 0
Aladdin -21.95084 64.40044 0
Al-Bakbuk   168.71039 6.26541 0
Al-Fakik    53.22502 37.90674 0
Al-Haddar   159.41313 52.03613 0
Ali Baba    -18.10146 58.98558 0
Al-Kuz  -177.65874 -19.51199 0
Al-Mustazi  158.52495 -21.70966 0
Ayyub   64.73224 40.57462 0
Aziz    11.98403 18.68411 0
Bahman  -61.03545 15.68951 0
Behram  179.36728 -15.85428 0
Dalilah 111.23202 53.79995 0
Duban   79.40389 59.24192 0
Dunyazad    159.10797 43.95425 0
Fitnah  69.94728 47.03268 0
Ghanim  78.88431 40.72021 0
Gharib  114.40422 82.59093
Harun   134.82927 38.94348
Hassan  171.91264 -32.59557 0
Hisham  79.46883 49.73954 0
Ishak   135.49026 50.49027 0
Ja’afar 23.01250 36.58786 0
Jansha  -158.43143 -31.97306 0
Julnar  13.03495 56.08375 0
Kamar   -32.63858 -41.65908 0
Kasim   -171.96449 44.21896 0
Khusrau 174.60274 -3.62286 0
Ma’aruf 26.17028 -38.74598 0
Marjanah    56.75949 40.52876 0
Masrur  65.44990 68.26898 0
Morgiana    164.47366 34.02407 0
Musa    -11.88641 75.14964 0
Mustafa 175.95674 -31.84428 0
Omar    86.12510 19.24371 0
Otbah   -159.35132 -41.49223 0
Parwez  -25.32110 24.73281 0
Peri-Banu   41.21590 63.95425 0
Perizadah   -156.73213 -22.03860 0
Rayya   -177.85905 -33.50962 0
Sabur   64.09791 -24.96225 0
Salih   -4.44541 -6.09719 0
Samad   -0.41301 63.68732 0
Shahrazad   159.16997 49.04706 0
Shahryar    133.10609 60.32542 0
Shakashik   179.43071 -18.00751 0
Sharrkan    57.89388 17.71135 0
Shirin  -172.40788 -2.00186 0
Sindbad 146.94518 69.39179 0
Yunan   74.24496 55.05325
Zaynab  -28.57987 70.48708
Zumurrud    178.81595 -22.82547 0

# Hyperion
Bahloo  -60.58273 -10.23906 0
Bond-Lassell Dorsum -67.83818 36.77771 0
Helios  12.73017 -43.77032 0
Jarilo  -38.00317 6.32920 0
Meri    -52.16679 -44.20109 0

# Phoebe
Acastus -146.77882 5.10949 0
Admetus -47.66148 7.67492 0
Amphion -6.82064 -31.23367 0
Butes   78.23960 -58.64519 0
Clytius 176.45442 38.49506 0
Erginus 15.00848 27.68548 0
Euphemus    26.08242 -38.42411 0
Eurydamas   96.82091 -68.12915 0
Eurytion    -16.62570 -34.08942 0
Hylas   1.42162 8.87930 0
Iphitus 70.75912 -32.43931 0
Jason   35.60968 13.50632 0
Mopsus  -111.76723 3.02033 0
Peleus  174.00339 15.68774 0
Phlias  -2.56730 1.13327 0
Talaus  31.46920 -61.58591 0
Telamon -98.00624 -48.18813 0
Zetes   126.86182 -22.91456 0

# Puck
Bogle	115 12 0
Butz	25 41 0
Lob	63 29 0

# Proteus
Pharos	-5 -20 4